F 1850.000000 1897.000000 3.717551
F 1850.000000 1897.000000 3.717551
F 1850.000000 1897.000000 3.717551
F 1850.000000 1897.000000 3.717551
F 1850.000000 1897.000000 3.717551
F 1850.000000 1897.000000 3.717551
F 1850.000000 1897.000000 3.717551
F 1850.000000 1897.000000 3.717551
F 1850.000000 1897.000000 3.717551
F 1850.000000 1897.000000 3.717551
F 1850.000000 1897.000000 3.717551
F 1850.000000 1897.000000 3.717551
F 1850.000000 1897.000000 3.717551
F 1829.218582 1883.504389 3.717551
F 1792.046186 1859.364353 3.717551
F 1754.368418 1835.041559 3.715225
F 1716.553683 1810.609281 3.715225
F 1716.553683 1810.609281 3.715225
F 1679.032085 1786.366401 3.715225
F 1641.430212 1761.926439 3.717551
F 1603.752444 1737.603645 3.715225
F 1566.150571 1713.163684 3.717551
F 1566.150571 1713.163684 3.717551
F 1528.472803 1688.840889 3.715225
F 1490.870931 1664.400928 3.717551
F 1490.870931 1664.400928 3.717551
F 1453.193163 1640.078134 3.715225
F 1415.591290 1615.638172 3.717551
F 1377.913522 1591.315378 3.715225
F 1340.311650 1566.875417 3.717551
F 1302.633882 1542.552622 3.715225
F 1302.633882 1542.552622 3.715225
F 1265.032009 1518.112661 3.717551
F 1227.354241 1493.789867 3.715225
F 1189.539506 1469.357589 3.715225
F 1189.539506 1469.357589 3.715225
F 1152.017907 1445.114708 3.715225
F 1114.416035 1420.674747 3.717551
F 1076.738267 1396.351953 3.715225
F 1038.923531 1371.919675 3.715225
F 1038.923531 1371.919675 3.715225
F 1001.401933 1347.676794 3.715225
F 963.800060 1323.236833 3.717551
F 926.122292 1298.914039 3.715225
F 926.122292 1298.914039 3.715225
F 888.520420 1274.474078 3.717551
F 850.842652 1250.151283 3.715225
F 813.027916 1225.719005 3.715225
F 774.920043 1201.097330 3.715225
F 774.920043 1201.097330 3.715225
F 737.318170 1176.657369 3.717551
F 699.640402 1152.334574 3.715225
F 662.038530 1127.894613 3.717551
F 662.038530 1127.894613 3.717551
F 624.360762 1103.571818 3.715225
F 586.758889 1079.131857 3.717551
F 549.081121 1054.809063 3.715225
F 549.081121 1054.809063 3.715225
F 511.479249 1030.369102 3.717551
F 473.801481 1006.046307 3.715225
F 436.601650 980.994851 3.731511
F 402.715272 952.027788 3.831558
F 402.715272 952.027788 3.831558
F 371.419696 919.555456 3.929278
F 343.651844 884.235789 4.029325
F 319.553164 846.528480 4.127045
F 299.248350 806.649889 4.224765
F 299.248350 806.649889 4.224765
F 283.117055 765.090790 4.324811
F 270.986273 721.469980 4.424858
F 263.519228 677.872859 4.524905
F 260.105816 633.082055 4.620298
F 260.105816 633.082055 4.620298
F 265.603722 587.600608 4.804105
F 279.835982 545.102242 5.001871
F 301.226322 506.556484 5.185678
F 301.226322 506.556484 5.185678
F 326.661613 474.105217 5.341565
F 357.677302 445.365719 5.502105
F 392.071385 422.027019 5.653338
F 392.071385 422.027019 5.653338
F 429.497014 404.331529 5.806898
F 468.306531 392.181363 5.946498
F 510.354441 386.253159 6.109365
F 552.095354 386.813861 6.262925
F 552.095354 386.813861 6.262925
F 592.907383 393.731881 0.133285
F 632.463348 407.112317 0.291498
F 669.514719 426.342868 0.445058
F 669.514719 426.342868 0.445058
F 708.867983 447.133328 0.479958
F 748.591044 467.948970 0.482285
F 788.378708 488.640860 0.479958
F 827.693844 509.106646 0.479958
F 827.693844 509.106646 0.479958
F 867.416905 529.922288 0.482285
F 907.302702 550.803228 0.482285
F 947.497691 571.846035 0.482285
F 987.285355 592.537925 0.479958
F 987.285355 592.537925 0.479958
F 1027.008416 613.353567 0.482285
F 1066.275829 633.910771 0.482285
F 1106.161626 654.791710 0.482285
F 1106.161626 654.791710 0.482285
F 1145.738231 675.510782 0.482285
F 1185.624028 696.391721 0.482285
F 1225.200633 717.110793 0.482285
F 1265.086430 737.991732 0.482285
F 1265.086430 737.991732 0.482285
F 1303.992317 759.594550 0.503225
F 1340.853185 785.885372 0.603271
F 1371.834345 818.421945 0.780098
F 1371.834345 818.421945 0.780098
F 1395.835442 856.680215 0.977865
F 1411.864734 895.448280 1.143058
F 1422.032993 935.922528 1.291965
F 1422.032993 935.922528 1.291965
F 1425.861803 976.962726 1.443198
F 1423.913930 1017.762785 1.585125
F 1415.555867 1058.662185 1.738685
F 1400.851346 1092.986249 1.920165
F 1400.851346 1092.986249 1.920165
F 1379.950066 1123.557224 2.110951
F 1353.801956 1149.755525 2.297085
F 1323.257230 1170.662326 2.483218
F 1323.257230 1170.662326 2.483218
F 1287.966984 1185.505905 2.685638
F 1251.129235 1192.926598 2.883405
F 1214.097311 1193.217529 3.074191
F 1174.669402 1189.631402 3.199831
F 1174.669402 1189.631402 3.199831
F 1129.543524 1187.122941 3.197505
F 1085.122474 1184.514925 3.199831
F 1040.526210 1181.914759 3.199831
F 1040.526210 1181.914759 3.199831
F 995.051901 1179.386390 3.197505
F 950.282419 1176.758465 3.199831
F 905.504973 1174.269913 3.197505
F 905.504973 1174.269913 3.197505
F 861.251236 1171.793017 3.197505
F 816.481753 1169.165093 3.199831
F 771.704308 1166.676541 3.197505
F 726.934826 1164.048616 3.199831
F 682.157380 1161.560064 3.197505
F 682.157380 1161.560064 3.197505
F 637.206733 1159.044162 3.197505
F 592.604540 1156.547763 3.197505
F 547.653893 1154.031861 3.197505
F 547.653893 1154.031861 3.197505
F 502.732502 1151.028139 3.206811
F 459.454877 1138.965467 3.383638
F 425.122507 1115.438647 3.676798
F 403.335207 1089.522361 3.918771
F 403.335207 1089.522361 3.918771
F 388.141410 1058.476550 4.165398
F 380.979309 1025.948110 4.400391
F 381.809924 992.100653 4.642365
F 381.809924 992.100653 4.642365
F 391.193722 958.806786 4.893645
F 407.649026 929.637177 5.130965
F 430.324602 905.240182 5.365958
F 457.292491 886.969792 5.591645
F 457.292491 886.969792 5.591645
F 488.253731 875.196272 5.824311
F 521.423361 870.761862 6.056978
F 564.368097 863.964253 6.115145
F 564.368097 863.964253 6.115145
F 608.259034 856.641878 6.117471
F 652.319064 849.272937 6.117471
F 696.723314 841.846427 6.117471
F 740.439125 834.535056 6.117471
F 740.439125 834.535056 6.117471
F 784.843375 827.108545 6.117471
F 829.247624 819.682034 6.117471
F 873.307655 812.313093 6.117471
F 917.711905 804.886582 6.117471
F 917.711905 804.886582 6.117471
F 963.075657 802.265288 6.210538
F 1007.953282 804.249950 0.027385
F 1052.414840 810.707679 0.127431
F 1052.414840 810.707679 0.127431
F 1095.863029 821.424133 0.225151
F 1138.394236 836.422865 0.322871
F 1178.723448 855.421076 0.422918
F 1178.723448 855.421076 0.422918
F 1216.809623 878.961914 0.534598
F 1249.389411 910.239786 0.732365
F 1274.953844 947.051851 0.930131
F 1293.032998 984.692980 1.088345
F 1293.032998 984.692980 1.088345
F 1305.562016 1023.746308 1.227945
F 1312.280135 1063.684954 1.369871
F 1312.850862 1105.425731 1.523431
F 1311.771296 1148.370958 1.583925
F 1311.771296 1148.370958 1.583925
F 1311.184845 1193.039108 1.583925
F 1310.598394 1237.707259 1.583925
F 1310.016524 1282.026439 1.583925
F 1310.016524 1282.026439 1.583925
F 1309.300835 1327.216316 1.586251
F 1308.615852 1371.534023 1.586251
F 1307.920081 1416.549646 1.586251
F 1307.224310 1461.565269 1.586251
F 1307.224310 1461.565269 1.586251
F 1306.533932 1506.231934 1.586251
F 1301.558790 1551.206567 1.667685
F 1292.174165 1594.961753 1.765405
F 1292.174165 1594.961753 1.765405
F 1278.490587 1637.389776 1.865451
F 1260.401978 1678.895596 1.965498
F 1238.741072 1717.655860 2.063218
F 1238.741072 1717.655860 2.063218
F 1209.835707 1752.483747 2.235391
F 1174.800657 1780.698224 2.430831
F 1137.493900 1801.382639 2.600678
F 1098.801554 1817.723569 2.717011
F 1098.801554 1817.723569 2.717011
F 1057.777912 1836.269490 2.717011
F 1017.390294 1854.527878 2.717011
F 975.075626 1869.510724 2.789138
F 931.786289 1880.128794 2.884531
F 931.786289 1880.128794 2.884531
F 887.107708 1886.323092 2.986905
F 841.864841 1888.059133 3.086951
F 797.194418 1885.386909 3.184671
F 797.194418 1885.386909 3.184671
F 752.839678 1878.232223 3.284718
F 709.907469 1866.901806 3.382438
F 667.154650 1850.971669 3.482485
F 627.608181 1831.559337 3.580205
F 627.608181 1831.559337 3.580205
F 589.219659 1807.891071 3.677925
F 553.175465 1780.198475 3.780298
F 520.257193 1749.372304 3.878018
F 520.257193 1749.372304 3.878018
F 490.962539 1715.768724 3.978065
F 464.950171 1679.136918 4.078111
F 442.526286 1640.008477 4.175831
F 424.353878 1599.495313 4.273551
F 424.353878 1599.495313 4.273551
F 408.498497 1557.694510 4.338698
F 392.013586 1515.987673 4.336371
F 375.481006 1474.112092 4.336371
F 375.481006 1474.112092 4.336371
F 359.076586 1432.561129 4.336371
F 342.721580 1390.803180 4.338698
F 326.236668 1349.096343 4.336371
F 309.575929 1306.896146 4.336371
F 309.575929 1306.896146 4.336371
F 297.595113 1263.609955 4.427111
F 290.148475 1220.189805 4.524831
F 286.926522 1175.028429 4.624878
F 286.926522 1175.028429 4.624878
F 288.115785 1129.945715 4.722598
F 291.735291 1085.390459 4.783091
F 294.781726 1040.647507 4.780765
F 297.943175 996.262412 4.783091
F 297.943175 996.262412 4.783091
F 301.098959 951.702019 4.783091
F 304.145394 906.959067 4.780765
F 307.331093 862.225815 4.783091
F 307.331093 862.225815 4.783091
F 310.426027 816.786550 4.780765
F 313.454281 772.567119 4.780765
F 316.639979 727.833867 4.783091
F 316.639979 727.833867 4.783091
F 319.820417 682.925346 4.783091
F 322.866853 638.182394 4.780765
F 326.052551 593.449142 4.783091
F 328.977739 550.446972 4.780765
F 329.495987 544.010928 4.783091
F 329.495987 544.010928 4.783091
F 329.495987 544.010928 4.783091
F 329.495987 544.010928 4.783091
F 329.495987 544.010928 4.783091
F 329.495987 544.010928 4.783091
F 329.495987 544.010928 4.783091
F 329.495987 544.010928 4.783091
